date	day	time_of_day	temperature_colonisation	light_intensity_colonisation
20230127	0	12	18.045	12400.1
20230127	0	13	19.948	16533.4
20230127	0	14	19.758	12400.1
20230127	0	15	22.429	15844.5
20230127	0	16	21.569	13089.0
20230127	0	17	21.378	12400.1
20230127	0	18	21.282	16533.4
20230127	0	19	21.187	15844.5
20230127	0	20	21.187	12400.1
20230127	0	21	21.187	10677.8
20230127	0	22	20.901	0
20230127	0	23	20.138	0
20230128	1	0	19.282	0
20230128	1	1	18.616	0
20230128	1	2	17.950	0
20230128	1	3	17.379	0
20230128	1	4	16.903	0
20230128	1	5	16.427	0
20230128	1	6	16.427	16533.4
20230128	1	7	16.999	15844.5
20230128	1	8	17.379	12400.1
20230128	1	9	17.760	17222.3
20230128	1	10	18.045	11022.3
20230128	1	11	18.426	12400.1
20230128	1	12	18.711	10677.8
20230128	1	13	19.092	11022.3
20230128	1	14	19.377	15155.7
20230128	1	15	19.662	15155.7
20230128	1	16	19.853	13777.9
20230128	1	17	20.138	16533.4
20230128	1	18	20.329	13089.0
20230128	1	19	20.424	14466.8
20230128	1	20	20.615	11711.2
20230128	1	21	20.710	12400.1
20230128	1	22	20.424	0
20230128	1	23	19.662	0
20230129	2	0	18.996	0
20230129	2	1	18.331	0
20230129	2	2	17.760	0
20230129	2	3	17.094	0
20230129	2	4	16.713	0
20230129	2	5	16.332	0
20230129	2	6	16.332	15844.5
20230129	2	7	16.903	15844.5
20230129	2	8	17.284	12400.1
20230129	2	9	17.570	12400.1
20230129	2	10	17.950	12400.1
20230129	2	11	18.331	14466.8
20230129	2	12	18.616	10677.8
20230129	2	13	18.996	14466.8
20230129	2	14	19.282	12400.1
20230129	2	15	19.662	12400.1
20230129	2	16	19.853	11022.3
20230129	2	17	20.043	15155.7
20230129	2	18	20.234	11022.3
20230129	2	19	20.329	10677.8
20230129	2	20	20.615	14466.8
20230129	2	21	20.710	15155.7
20230129	2	22	20.329	0
20230129	2	23	19.662	0
20230130	3	0	18.901	0
20230130	3	1	18.236	0
20230130	3	2	17.665	0
20230130	3	3	17.094	0
20230130	3	4	16.618	0
20230130	3	5	16.237	0
20230130	3	6	16.332	14466.8
20230130	3	7	16.903	16533.4
20230130	3	8	17.189	11022.3
20230130	3	9	17.475	11711.2
20230130	3	10	17.760	14466.8
20230130	3	11	18.045	13089
20230130	3	12	18.331	16533.4
20230130	3	13	18.711	17289
20230130	3	14	18.996	11711.2
20230130	3	15	19.282	15155.7
20230130	3	16	19.567	14466.8
20230130	3	17	19.758	12400.1
20230130	3	18	19.948	12233.4
20230130	3	19	20.138	16533.4
20230130	3	20	20.234	13777.9
20230130	3	21	20.424	13089
20230130	3	22	20.043	0
20230130	3	23	19.282	0
20230131	4	0	18.521	0
20230131	4	1	17.855	0
20230131	4	2	17.284	0
20230131	4	3	16.808	0
20230131	4	4	16.332	0
20230131	4	5	15.951	0
20230131	4	6	16.046	10677.8
20230131	4	7	16.618	17222.3
20230131	4	8	16.999	12400.1
20230131	4	9	17.284	16533.4
20230131	4	10	17.570	15155.7
20230131	4	11	17.950	14466.8
20230131	4	12	18.236	15844.5
20230131	4	13	18.521	11711.2
20230131	4	14	18.806	13611.2
20230131	4	15	19.092	13089
20230131	4	16	19.377	11022.3
20230131	4	17	19.662	13611.2
20230131	4	18	19.758	11022.3
20230131	4	19	19.948	11022.3
20230131	4	20	20.138	10333.4
20230131	4	21	20.234	13777.9
20230131	4	22	19.948	0
20230131	4	23	19.187	0
20230201	5	0	18.426	0
20230201	5	1	17.760	0
20230201	5	2	17.189	0
20230201	5	3	16.713	0
20230201	5	4	16.237	0
20230201	5	5	15.951	0
20230201	5	6	16.046	17911.2
20230201	5	7	16.713	15155.7
20230201	5	8	17.094	17222.3
20230201	5	9	17.379	13777.9
20230201	5	10	17.855	11022.3
20230201	5	11	18.140	11022.3
20230201	5	12	18.426	10333.4
20230201	5	13	18.711	13777.9
20230201	5	14	19.092	11711.2
20230201	5	15	19.282	16533.4
20230201	5	16	19.567	10333.4
20230201	5	17	19.853	13089
20230201	5	18	19.948	13089
20230201	5	19	20.138	11022.3
20230201	5	20	20.329	10333.4
20230201	5	21	20.519	10333.4
20230201	5	22	20.138	0
20230201	5	23	19.377	0
20230202	6	0	18.616	0
20230202	6	1	17.950	0
20230202	6	2	17.379	0
20230202	6	3	16.808	0
20230202	6	4	16.427	0
20230202	6	5	16.046	0
20230202	6	6	15.664	10677.8
20230202	6	7	15.569	10677.8
20230202	6	8	16.237	11022.3
20230202	6	9	16.808	10333.4
20230202	6	10	17.284	10677.8
20230202	6	11	17.760	10333.4
20230202	6	12	18.236	12400.1
20230202	6	13	18.616	10333.4
20230202	6	14	19.092	12400.1
20230202	6	15	19.472	15025.3
20230202	6	16	19.662	15025.3
20230202	6	17	19.948	10677.8
20230202	6	18	20.234	13777.9
20230202	6	19	20.519	13777.9
20230202	6	20	20.710	10333.4
20230202	6	21	20.901	10333.4
20230202	6	22	21.091	0
20230202	6	23	20.996	0
20230203	7	0	20.234	0
20230203	7	1	19.567	0
20230203	7	2	18.806	0
20230203	7	3	18.236	0
20230203	7	4	17.665	0
20230203	7	5	17.094	0
20230203	7	6	16.523	12400.1
20230203	7	7	16.141	11022.3
20230203	7	8	16.903	10333.4
20230203	7	9	17.284	10333.4
20230203	7	10	17.760	16777.7
20230203	7	11	18.140	16777.7
20230203	7	12	18.521	14466.8
20230203	7	13	18.806	16533.4
20230203	7	14	19.187	10333.4
20230203	7	15	17.665	12400.1
20230203	7	16	17.950	14466.8
20230203	7	17	18.236	13777.9
20230203	7	18	18.521	13777.9
20230203	7	19	18.711	12400.1
20230203	7	20	18.901	13089.0
20230203	7	21	19.092	10333.4
20230203	7	22	19.377	0
20230203	7	23	19.567	0
20230204	8	0	19.187	0
20230204	8	1	18.616	0
20230204	8	2	17.950	0
20230204	8	3	17.379	0
20230204	8	4	16.808	0
20230204	8	5	16.427	0
20230204	8	6	15.855	16533.4
20230204	8	7	14.996	11711.2
20230204	8	8	14.996	11711.2
20230204	8	9	15.187	18600.1
20230204	8	10	15.473	14466.8
20230204	8	11	15.855	14466.8
20230204	8	12	16.237	13777.9
20230204	8	13	16.713	13777.9
20230204	8	14	16.999	16777.7
20230204	8	15	17.760	11711.2
20230204	8	16	18.806	16533.4
20230204	8	17	18.711	12400.1
20230204	8	18	22.238	12400.1
20230204	8	19	20.901	13089.0
20230204	8	20	20.805	13089.0
20230204	8	21	20.805	17911.2
20230204	8	22	20.805	0
20230204	8	23	20.805	0
20230205	9	0	20.234	0
20230205	9	1	19.567	0
20230205	9	2	18.806	0
20230205	9	3	18.140	0
20230205	9	4	17.570	0
20230205	9	5	17.094	0
20230205	9	6	16.523	15844.5
20230205	9	7	15.664	14466.8
20230205	9	8	15.664	14466.8
20230205	9	9	15.855	16533.4
20230205	9	10	16.141	16533.4
20230205	9	11	16.427	13089.0
20230205	9	12	16.808	15155.7
20230205	9	13	17.094	15844.5
20230205	9	14	17.379	12400.1
20230205	9	15	17.665	11711.2
20230205	9	16	17.950	15155.7
20230205	9	17	18.236	15155.7
20230205	9	18	18.426	12400.1
20230205	9	19	18.711	10677.8
20230205	9	20	18.901	15644.5
20230205	9	21	19.092	12400.1
20230205	9	22	19.282	0
20230205	9	23	19.377	0
20230206	10	0	18.901	0
20230206	10	1	18.331	0
20230206	10	2	17.760	0
20230206	10	3	17.189	0
20230206	10	4	16.808	0
20230206	10	5	16.523	0
20230206	10	6	16.046	13089.0
20230206	10	7	15.187	13777.9
20230206	10	8	15.187	16533.4
20230206	10	9	15.473	15844.5
20230206	10	10	15.760	14466.8
20230206	10	11	16.046	14466.8
20230206	10	12	16.427	14466.8
20230206	10	13	16.808	11022.3
20230206	10	14	17.094	14466.8
20230206	10	15	17.379	12400.1
20230206	10	16	17.665	12400.1
20230206	10	17	17.950	15155.7
20230206	10	18	18.236	13089.0
20230206	10	19	18.426	11711.2
20230206	10	20	18.616	10677.8
20230206	10	21	18.806	15155.7
20230206	10	22	18.996	0
20230206	10	23	19.187	0
20230207	11	0	18.616	0
20230207	11	1	18.045	0
20230207	11	2	17.475	0
20230207	11	3	17.094	0
20230207	11	4	16.618	0
20230207	11	5	16.237	0
20230207	11	6	15.855	12400.1
20230207	11	7	15.091	14600.1
20230207	11	8	15.282	11711.2
20230207	11	9	15.473	12400.1
20230207	11	10	16.046	15844.5
20230207	11	11	16.237	14289.0
20230207	11	12	19.853	12400.1
20230207	11	13	20.710	11711.2
20230207	11	14	20.519	14466.8
20230207	11	15	20.615	15155.7
20230207	11	16	20.901	12400.1
20230207	11	17	21.091	11711.2
20230207	11	18	21.282	16533.4
20230207	11	19	21.282	11711.2
20230207	11	20	21.187	11711.2
20230207	11	21	21.187	15666.8
20230207	11	22	21.091	0
20230207	11	23	20.234	0
20230208	12	0	19.472	0
20230208	12	1	18.711	0
20230208	12	2	18.045	0
20230208	12	3	17.475	0
20230208	12	4	16.999	0
20230208	12	5	16.523	0
20230208	12	6	16.332	16533.4
20230208	12	7	16.903	14466.8
20230208	12	8	17.284	13777.9
20230208	12	9	17.570	14466.8
20230208	12	10	18.045	14466.8
20230208	12	11	18.331	11022.3
20230208	12	12	18.616	15155.7
20230208	12	13	18.996	12400.1
20230208	12	14	19.282	11022.3
20230208	12	15	19.567	14600.1
20230208	12	16	19.853	15844.5
20230208	12	17	20.043	14466.8
20230208	12	18	20.234	12400.1
20230208	12	19	20.424	12400.1
20230208	12	20	20.615	14466.8
20230208	12	21	20.710	16533.4
20230208	12	22	20.615	0
20230208	12	23	19.758	0
20230209	13	0	19.092	0
20230209	13	1	18.331	0
20230209	13	2	17.855	0
20230209	13	3	17.189	0
20230209	13	4	16.713	0
20230209	13	5	16.332	0
20230209	13	6	16.141	14466.8
20230209	13	7	16.808	15155.7
20230209	13	8	17.189	12400.1
20230209	13	9	17.570	15844.5
20230209	13	10	17.950	14600.1
20230209	13	11	18.236	11022.3
20230209	13	12	18.616	11711.2
20230209	13	13	18.901	16533.4
20230209	13	14	19.282	11711.2
20230209	13	15	19.472	11022.3
20230209	13	16	19.758	12400.1
20230209	13	17	20.043	14466.8
20230209	13	18	20.234	11022.3
20230209	13	19	20.424	12400.1
20230209	13	20	20.519	12400.1
20230209	13	21	20.615	18600.1
20230209	13	22	20.615	0
20230209	13	23	19.758	0
20230210	14	0	18.996	0
20230210	14	1	18.426	0
20230210	14	2	17.760	0
20230210	14	3	17.189	0
20230210	14	4	16.713	0
20230210	14	5	16.237	0
20230210	14	6	16.046	12400.1
20230210	14	7	16.808	15844.5
20230210	14	8	17.094	12400.1
20230210	14	9	17.379	11711.2
20230210	14	10	17.760	18600.1
20230210	14	11	18.045	16533.4
20230210	14	12	18.331	17911.2
20230210	14	13	18.616	16533.4
20230210	14	14	18.901	14466.8
20230210	14	15	19.187	11711.2
20230210	14	16	19.472	14600.1
20230210	14	17	19.758	11711.2
20230210	14	18	19.948	15844.5
20230210	14	19	20.043	12400.1
20230210	14	20	20.234	16533.4
20230210	14	21	20.424	15844.5
20230210	14	22	20.329	0
20230210	14	23	19.472	0
20230211	15	0	18.616	0
20230211	15	1	17.950	0
20230211	15	2	17.379	0
20230211	15	3	16.808	0
20230211	15	4	16.332	0
20230211	15	5	16.046	0
20230211	15	6	15.855	16533.4
20230211	15	7	16.523	11711.2
20230211	15	8	16.903	12400.1
20230211	15	9	17.284	14666.8
20230211	15	10	17.570	16533.4
20230211	15	11	17.855	13777.9
20230211	15	12	18.140	12400.1
20230211	15	13	18.426	14600.1
20230211	15	14	18.711	16533.4
20230211	15	15	19.092	16533.4
20230211	15	16	19.282	13089.0
20230211	15	17	19.567	17222.3
20230211	15	18	19.758	16533.4
20230211	15	19	19.948	13089.0
20230211	15	20	20.138	14600.1
20230211	15	21	20.329	14600.1
20230211	15	22	20.234	0
20230211	15	23	19.282	0
20230212	16	0	18.616	0
20230212	16	1	17.855	0
20230212	16	2	17.284	0
20230212	16	3	16.808	0
20230212	16	4	16.332	0
20230212	16	5	15.951	0
20230212	16	6	15.855	13777.9
20230212	16	7	16.618	12400.1
20230212	16	8	16.999	14977.9
20230212	16	9	17.379	14666.8
20230212	16	10	17.665	10677.8
20230212	16	11	18.045	12400.1
20230212	16	12	18.426	12400.1
20230212	16	13	18.616	15844.5
20230212	16	14	18.996	17666.8
20230212	16	15	19.282	17222.3
20230212	16	16	19.567	13911.2
20230212	16	17	19.758	11222.3
20230212	16	18	19.948	15844.5
20230212	16	19	20.138	10333.4
20230212	16	20	20.329	11711.2
20230212	16	21	20.424	14466.8
20230212	16	22	20.424	0
20230212	16	23	19.472	0
20230213	17	0	18.711	0
20230213	17	1	18.045	0
20230213	17	2	17.475	0
20230213	17	3	16.903	0
20230213	17	4	16.427	0
20230213	17	5	16.046	0
20230213	17	6	15.664	12911.2
20230213	17	7	15.378	15844.5
20230213	17	8	16.141	17911.2
20230213	17	9	16.713	12400.1
20230213	17	10	17.189	11711.2
20230213	17	11	17.665	10333.4
20230213	17	12	18.140	14466.8
20230213	17	13	18.521	11711.2
20230213	17	14	18.996	11711.2
20230213	17	15	19.377	12400.1
20230213	17	16	19.662	14289.0
20230213	17	17	19.948	16533.4
20230213	17	18	20.234	14466.8
20230213	17	19	20.424	17911.2
20230213	17	20	20.710	12400.1
20230213	17	21	20.805	14289.0
20230213	17	22	21.091	0
20230213	17	23	21.282	0
20230214	18	0	20.329	0
20230214	18	1	19.662	0
20230214	18	2	18.996	0
20230214	18	3	18.331	0
20230214	18	4	17.760	0
20230214	18	5	17.189	0
20230214	18	6	16.618	16533.4
20230214	18	7	16.141	16533.4
20230214	18	8	16.808	11022.3
20230214	18	9	17.189	11022.3
20230214	18	10	17.665	12400.1
20230214	18	11	18.045	15155.7
20230214	18	12	18.426	16533.4
20230214	18	13	18.806	10677.8
20230214	18	14	19.092	10333.4
20230214	18	15	18.045	15844.5
20230214	18	16	17.950	10677.8
20230214	18	17	18.140	14466.8
20230214	18	18	18.426	14600.1
20230214	18	19	18.711	15844.5
20230214	18	20	18.806	14289.0
20230214	18	21	18.996	14466.8
20230214	18	22	19.187	0
20230214	18	23	19.662	0
20230215	19	0	19.282	0
20230215	19	1	18.711	0
20230215	19	2	18.045	0
20230215	19	3	17.475	0
20230215	19	4	16.903	0
20230215	19	5	16.427	0
20230215	19	6	16.046	16533.4
20230215	19	7	14.996	14466.8
20230215	19	8	14.900	16533.4
20230215	19	9	15.091	12400.1
20230215	19	10	15.473	11022.3
20230215	19	11	15.855	14466.8
20230215	19	12	16.237	14289.0
20230215	19	13	16.618	14466.8
20230215	19	14	16.999	14289.0
20230215	19	15	17.665	15155.7
20230215	19	16	19.472	16533.4
20230215	19	17	18.711	10677.8
20230215	19	18	22.908	14466.8
20230215	19	19	20.901	15844.5
20230215	19	20	20.805	14466.8
20230215	19	21	20.805	17911.2
20230215	19	22	20.805	0
20230215	19	23	21.091	0
20230216	20	0	20.329	0
20230216	20	1	19.662	0
20230216	20	2	18.901	0
20230216	20	3	18.236	0
20230216	20	4	17.665	0
20230216	20	5	17.189	0
20230216	20	6	16.713	13089.0
20230216	20	7	15.664	12400.1
20230216	20	8	15.664	10677.8
20230216	20	9	15.855	14466.8
20230216	20	10	16.046	13777.9
20230216	20	11	16.427	12400.1
20230216	20	12	16.713	10677.8
20230216	20	13	17.094	12400.1
20230216	20	14	17.379	11711.2
20230216	20	15	17.665	13777.9
20230216	20	16	17.950	12400.1
20230216	20	17	18.140	11711.2
20230216	20	18	18.426	11022.3
20230216	20	19	18.616	14977.9
20230216	20	20	18.806	12400.1
20230216	20	21	18.996	16533.4
20230216	20	22	19.187	0
20230216	20	23	19.567	0
20230217	21	0	18.996	0
20230217	21	1	18.426	0
20230217	21	2	17.855	0
20230217	21	3	17.284	0
20230217	21	4	16.808	0
20230217	21	5	16.523	0
20230217	21	6	16.141	15155.7
20230217	21	7	15.187	16533.4
20230217	21	8	15.282	14600.1
20230217	21	9	15.378	15844.5
20230217	21	10	15.760	11711.2
20230217	21	11	16.046	17222.3
20230217	21	12	16.332	15844.5
20230217	21	13	16.713	14600.1
20230217	21	14	16.999	14600.1
20230217	21	15	17.379	16533.4
20230217	21	16	17.665	11711.2
20230217	21	17	17.950	13089.0
20230217	21	18	18.140	16533.4
20230217	21	19	18.426	12400.1
20230217	21	20	18.616	10677.8
20230217	21	21	18.806	12400.1
20230217	21	22	18.996	0
20230217	21	23	19.377	0
20230218	22	0	18.711	0
20230218	22	1	18.236	0
20230218	22	2	17.665	0
20230218	22	3	17.094	0
20230218	22	4	16.713	0
20230218	22	5	16.332	0
20230218	22	6	15.951	16533.4
20230218	22	7	15.091	16533.4
20230218	22	8	15.282	14466.8
20230218	22	9	15.473	11022.3
20230218	22	10	16.237	11022.3
20230218	22	11	16.141	14600.1
20230218	22	12	20.234	17222.3
20230218	22	13	20.901	14600.1
20230218	22	14	20.519	16533.4
20230218	22	15	20.615	15155.7
20230218	22	16	20.901	10677.8
20230218	22	17	21.091	12400.1
20230218	22	18	19.758	16533.4
20230218	22	19	19.853	10677.8
20230218	22	20	20.043	16533.4
20230218	22	21	20.138	15155.7
20230218	22	22	19.662	0
20230218	22	23	18.901	0
20230219	23	0	18.236	0
20230219	23	1	17.570	0
20230219	23	2	16.999	0
20230219	23	3	16.523	0
20230219	23	4	16.141	0
20230219	23	5	15.760	0
20230219	23	6	16.141	16533.4
20230219	23	7	16.618	12400.1
20230219	23	8	16.999	15155.7
20230219	23	9	17.284	13089.0
20230219	23	10	17.570	15155.7
20230219	23	11	17.855	13089.0
20230219	23	12	18.140	11711.2
20230219	23	13	19.567	16533.4
20230219	23	14	19.758	16533.4
20230219	23	15	22.238	17911.2
20230219	23	16	21.569	17222.3
20230219	23	17	21.378	14600.1
20230219	23	18	21.282	14289.0
20230219	23	19	21.282	14289.0
20230219	23	20	21.187	12400.1
20230219	23	21	21.187	11022.3
20230219	23	22	20.710	0
20230219	23	23	19.948	0
20230220	24	0	19.187	0
20230220	24	1	18.521	0
20230220	24	2	17.855	0
20230220	24	3	17.284	0
20230220	24	4	16.808	0
20230220	24	5	16.332	0
20230220	24	6	16.523	15155.7
20230220	24	7	17.094	17222.3
20230220	24	8	17.475	14466.8
20230220	24	9	17.760	15844.5
20230220	24	10	18.140	11022.3
20230220	24	11	18.426	13089.0
20230220	24	12	18.806	10677.8
20230220	24	13	19.092	11022.3
20230220	24	14	19.377	13089.0
20230220	24	15	19.662	12400.1
20230220	24	16	19.948	17911.2
20230220	24	17	20.138	15844.5
20230220	24	18	20.329	13089.0
20230220	24	19	20.519	12400.1
20230220	24	20	20.615	12400.1
20230220	24	21	20.805	14289.0
20230220	24	22	20.329	0
20230220	24	23	19.567	0
20230221	25	0	18.806	0
20230221	25	1	18.236	0
20230221	25	2	17.570	0
20230221	25	3	16.999	0
20230221	25	4	16.618	0
20230221	25	5	16.237	0
20230221	25	6	16.427	11022.3
20230221	25	7	16.999	17222.3
20230221	25	8	17.379	15844.5
20230221	25	9	17.665	17222.3
20230221	25	10	18.045	17911.2
20230221	25	11	18.426	16533.4
20230221	25	12	18.711	13089.0
20230221	25	13	19.092	11711.2
20230221	25	14	19.282	14466.8
20230221	25	15	19.567	15844.5
20230221	25	16	19.853	12400.1
20230221	25	17	20.138	12400.1
20230221	25	18	20.234	16533.4
20230221	25	19	20.424	16533.4
20230221	25	20	20.615	16533.4
20230221	25	21	20.710	13777.9
20230221	25	22	20.234	0
20230221	25	23	19.472	0
20230222	26	0	18.806	0
20230222	26	1	18.140	0
20230222	26	2	17.570	0
20230222	26	3	16.999	0
20230222	26	4	16.523	0
20230222	26	5	16.141	0
20230222	26	6	16.427	11711.2
20230222	26	7	16.903	15844.5
20230222	26	8	17.284	14466.8
20230222	26	9	17.570	14289.0
20230222	26	10	17.855	14466.8
20230222	26	11	18.140	13089.0
20230222	26	12	18.426	15844.5
20230222	26	13	18.711	12400.1
20230222	26	14	19.092	13777.9
20230222	26	15	19.282	16533.4
20230222	26	16	19.662	11022.3
20230222	26	17	19.758	12644.5
20230222	26	18	19.948	14466.8
20230222	26	19	20.138	17911.2
20230222	26	20	20.329	14600.1
20230222	26	21	20.424	12400.1
20230222	26	22	19.948	0
20230222	26	23	19.187	0
20230223	27	0	18.426	0
20230223	27	1	17.760	0
20230223	27	2	17.189	0
20230223	27	3	16.713	0
20230223	27	4	16.237	0
20230223	27	5	15.855	0
20230223	27	6	16.141	17911.2
20230223	27	7	16.713	14466.8
20230223	27	8	17.094	15155.7
20230223	27	9	17.284	14466.8
20230223	27	10	17.665	16533.4
20230223	27	11	18.045	16533.4
20230223	27	12	18.331	14466.8
20230223	27	13	18.616	17911.2
20230223	27	14	18.901	17222.3
20230223	27	15	19.092	14466.8
20230223	27	16	19.377	10677.8
20230223	27	17	19.662	10677.8
20230223	27	18	19.758	12400.1
20230223	27	19	20.043	12400.1
20230223	27	20	20.138	14466.8
20230223	27	21	20.329	12400.1
20230223	27	22	19.853	0
20230223	27	23	19.092	0
20230224	28	0	18.331	0
20230224	28	1	17.665	0
20230224	28	2	17.094	0
20230224	28	3	16.618	0
20230224	28	4	16.237	0
20230224	28	5	15.855	0
20230224	28	6	16.237	13977.9
20230224	28	7	16.808	14466.8
20230224	28	8	17.189	12400.1
20230224	28	9	17.475	13777.9
20230224	28	10	17.855	12400.1
20230224	28	11	18.140	13977.9
20230224	28	12	18.521	11711.2
20230224	28	13	18.711	11711.2
20230224	28	14	19.092	16533.4
20230224	28	15	19.377	14466.8
20230224	28	16	19.662	13089.0
20230224	28	17	19.853	14466.8
20230224	28	18	20.043	16533.4
20230224	28	19	20.234	11711.2
20230224	28	20	20.329	14466.8
20230224	28	21	20.519	12400.1
20230224	28	22	19.948	0
20230224	28	23	19.187	0
20230225	29	0	18.521	0
20230225	29	1	17.855	0
20230225	29	2	17.284	0
20230225	29	3	16.713	0
20230225	29	4	16.332	0
20230225	29	5	15.951	0
20230225	29	6	15.569	15155.7
20230225	29	7	15.664	12400.1
20230225	29	8	16.332	17222.3
20230225	29	9	16.903	14600.1
20230225	29	10	17.284	14600.1
20230225	29	11	17.855	12400.1
20230225	29	12	18.236	12400.1
20230225	29	13	18.711	13089.0
20230225	29	14	19.092	13089.0
20230225	29	15	19.472	12400.1
20230225	29	16	19.758	14466.8
20230225	29	17	20.043	14466.8
20230225	29	18	20.329	17222.3
20230225	29	19	20.519	16533.4
20230225	29	20	20.710	11022.3
20230225	29	21	20.901	11022.3
20230225	29	22	21.187	0
20230225	29	23	20.901	0
20230226	30	0	20.138	0
20230226	30	1	19.377	0
20230226	30	2	18.711	0
20230226	30	3	18.140	0
20230226	30	4	17.570	0
20230226	30	5	16.999	0
20230226	30	6	16.427	11022.3
20230226	30	7	16.332	10677.8
20230226	30	8	16.903	10677.8
20230226	30	9	17.379	15844.5
20230226	30	10	17.760	16533.4
20230226	30	11	18.236	16533.4
20230226	30	12	18.521	12400.1
20230226	30	13	18.901	12400.1
20230226	30	14	19.282	16533.4
20230226	30	15	17.665	17222.3
20230226	30	16	18.045	15844.5
20230226	30	17	18.331	12400.1
20230226	30	18	18.521	13777.9
20230226	30	19	18.711	13777.9
20230226	30	20	18.901	13089.0
20230226	30	21	19.092	12977.9
20230226	30	22	19.377	0
20230226	30	23	19.567	0
20230227	31	0	19.092	0
20230227	31	1	18.426	0
20230227	31	2	17.855	0
20230227	31	3	17.284	0
20230227	31	4	16.713	0
20230227	31	5	16.332	0
20230227	31	6	15.664	13089.0
20230227	31	7	14.996	16533.4
20230227	31	8	14.996	16533.4
20230227	31	9	15.187	14466.8
20230227	31	10	15.569	14466.8
20230227	31	11	15.951	16533.4
20230227	31	12	16.332	12400.1
20230227	31	13	16.713	12400.1
20230227	31	14	17.094	11022.3
20230227	31	15	17.855	12400.1
20230227	31	16	18.711	11022.3
20230227	31	17	18.711	11022.3
20230227	31	18	21.569	13777.9
20230227	31	19	20.805	15844.5
20230227	31	20	20.805	12400.1
20230227	31	21	20.901	13777.9
20230227	31	22	20.710	0
20230227	31	23	20.138	0
20230228	32	0	19.472	0
20230228	32	1	18.711	0
20230228	32	2	17.950	0
20230228	32	3	17.475	0
20230228	32	4	16.999	0
20230228	32	5	16.427	0
20230228	32	6	15.664	13089.0
20230228	32	7	15.760	13089.0
20230228	32	8	15.855	11711.2
20230228	32	9	16.237	14600.1
20230228	32	10	16.523	14600.1
20230228	32	11	16.808	16533.4
20230228	32	12	17.189	17222.3
20230228	32	13	17.475	15844.5
20230228	32	14	17.760	12400.1
20230228	32	15	17.950	12400.1
20230228	32	16	18.331	11022.3
20230228	32	17	18.331	11022.3
20230228	32	18	18.521	13777.9
20230228	32	19	18.711	15844.5
20230228	32	20	18.901	16533.4
20230228	32	21	19.092	14600.1
20230228	32	22	19.377	0
20230228	32	23	19.282	0
20230301	33	0	18.806	0
20230301	33	1	18.236	0
20230301	33	2	17.665	0
20230301	33	3	17.189	0
20230301	33	4	16.808	0
20230301	33	5	16.332	0
20230301	33	6	15.855	13777.9
20230301	33	7	15.282	12400.1
20230301	33	8	15.282	10333.4
20230301	33	9	15.473	10333.4
20230301	33	10	15.855	16533.4
20230301	33	11	16.141	15155.7
20230301	33	12	16.523	14044.6
20230301	33	13	16.808	14044.6
20230301	33	14	17.094	13089.0
20230301	33	15	17.379	16533.4
20230301	33	16	17.760	16533.4
20230301	33	17	17.950	13089.0
20230301	33	18	18.236	18600.1
20230301	33	19	18.426	11022.3
20230301	33	20	18.711	13777.9
20230301	33	21	18.901	11711.2
20230301	33	22	19.092	0
20230301	33	23	18.996	0
20230302	34	0	18.521	0
20230302	34	1	18.045	0
20230302	34	2	17.379	0
20230302	34	3	16.903	0
20230302	34	4	16.523	0
20230302	34	5	16.141	0
20230302	34	6	15.664	13777.9
20230302	34	7	15.187	17222.3
20230302	34	8	15.378	16533.4
20230302	34	9	15.569	11711.2
20230302	34	10	15.951	13089.0
20230302	34	11	16.713	15844.5
20230302	34	12	19.567	17222.3
20230302	34	13	20.519	15844.5
20230302	34	14	20.519	14044.6
20230302	34	15	20.710	16533.4
20230302	34	16	20.710	14466.8
20230302	34	17	20.901	14466.8
20230302	34	18	21.091	12400.1
20230302	34	19	20.234	16533.4
20230302	34	20	19.567	17911.2
20230302	34	21	18.806	16533.4
20230302	34	22	18.045	0
20230302	34	23	18.045	0
20230303	35	0	18.045	0
20230303	35	1	17.475	0
20230303	35	2	16.903	0
20230303	35	3	16.427	0
20230303	35	4	16.046	0
20230303	35	5	15.760	0
20230303	35	6	16.237	10677.8
20230303	35	7	16.618	11022.3
20230303	35	8	16.999	16533.4
20230303	35	9	17.284	11022.3
20230303	35	10	17.665	14044.6
20230303	35	11	17.950	19289.0
20230303	35	12	18.236	17222.3
20230303	35	13	19.567	13089.0
20230303	35	14	19.948	13089.0
20230303	35	15	21.951	13777.9
20230303	35	16	21.473	13777.9
20230303	35	17	21.378	12400.1
20230303	35	18	21.282	12400.1
20230303	35	19	21.187	11022.3
20230303	35	20	21.187	17222.3
20230303	35	21	21.187	12400.1
20230303	35	22	20.615	0
20230303	35	23	19.853	0
20230304	36	0	19.092	0
20230304	36	1	18.426	0
20230304	36	2	17.760	0
20230304	36	3	17.189	0
20230304	36	4	16.713	0
20230304	36	5	16.332	0
20230304	36	6	16.618	13777.9
20230304	36	7	17.189	10677.8
20230304	36	8	17.570	10677.8
20230304	36	9	17.855	13089.0
20230304	36	10	18.236	17222.3
20230304	36	11	18.521	12400.1
20230304	36	12	18.806	12400.1
20230304	36	13	19.187	14466.8
20230304	36	14	19.472	14466.8
20230304	36	15	19.758	15844.5
20230304	36	16	19.948	11022.3
20230304	36	17	20.138	15155.7
20230304	36	18	20.329	15844.5
20230304	36	19	20.519	14289.0
20230304	36	20	20.615	17911.2
20230304	36	21	20.805	14289.0
20230304	36	22	20.138	0
20230304	36	23	19.472	0
20230305	37	0	18.711	0
20230305	37	1	18.140	0
20230305	37	2	17.475	0
20230305	37	3	16.903	0
20230305	37	4	16.523	0
20230305	37	5	16.141	0
20230305	37	6	16.523	12400.1
20230305	37	7	16.999	11022.3
20230305	37	8	17.379	11022.3
20230305	37	9	17.760	16533.4
20230305	37	10	18.140	16533.4
20230305	37	11	18.426	14466.8
20230305	37	12	18.806	11022.3
20230305	37	13	19.092	14289.0
20230305	37	14	19.377	15155.7
20230305	37	15	19.662	17911.2
20230305	37	16	19.948	14466.8
20230305	37	17	20.138	18600.1
20230305	37	18	20.329	14289.0
20230305	37	19	20.424	16533.4
20230305	37	20	20.615	14289.0
20230305	37	21	20.710	18600.1
20230305	37	22	20.138	0
20230305	37	23	19.377	0
20230306	38	0	18.711	0
20230306	38	1	18.045	0
20230306	38	2	17.475	0
20230306	38	3	16.903	0
20230306	38	4	16.523	0
20230306	38	5	16.141	0
20230306	38	6	16.523	13777.9
20230306	38	7	16.999	13777.9
20230306	38	8	17.284	12911.2
20230306	38	9	17.570	16533.4
20230306	38	10	17.855	16533.4
20230306	38	11	18.236	16533.4
20230306	38	12	18.426	12400.1
20230306	38	13	18.806	11022.3
20230306	38	14	19.092	12977.9
20230306	38	15	19.377	17222.3
20230306	38	16	19.662	13089.0
20230306	38	17	19.853	13089.0
20230306	38	18	20.043	12400.1
20230306	38	19	20.138	12911.2
20230306	38	20	20.329	14666.8
20230306	38	21	20.424	17222.3
20230306	38	22	19.853	0
20230306	38	23	19.092	0
20230307	39	0	18.331	0
20230307	39	1	17.665	0
20230307	39	2	17.094	0
20230307	39	3	16.618	0
20230307	39	4	16.141	0
20230307	39	5	15.760	0
20230307	39	6	16.237	16533.4
20230307	39	7	16.713	16533.4
20230307	39	8	17.094	14466.8
20230307	39	9	17.379	11600.1
20230307	39	10	17.665	10355.7
20230307	39	11	17.950	10355.7
20230307	39	12	18.331	12400.1
20230307	39	13	18.616	12400.1
20230307	39	14	18.901	15155.7
20230307	39	15	19.187	11977.9
20230307	39	16	19.472	17222.3
20230307	39	17	19.662	12600.1
20230307	39	18	19.853	12400.1
20230307	39	19	20.043	16533.4
20230307	39	20	20.138	14466.8
20230307	39	21	20.329	14600.1
20230307	39	22	19.662	0
20230307	39	23	18.901	0
20230308	40	0	18.236	0
20230308	40	1	17.570	0
20230308	40	2	16.999	0
20230308	40	3	16.523	0
20230308	40	4	16.141	0
20230308	40	5	15.760	0
20230308	40	6	16.332	12400.1
20230308	40	7	16.808	12400.1
20230308	40	8	17.284	18600.1
20230308	40	9	17.570	12400.1
20230308	40	10	17.950	12400.1
20230308	40	11	18.236	16533.4
20230308	40	12	18.521	18600.1
20230308	40	13	18.806	13089.0
20230308	40	14	19.092	13089.0
20230308	40	15	19.377	14466.8
20230308	40	16	19.662	11544.2
20230308	40	17	19.853	15844.5
20230308	40	18	20.043	11544.2
20230308	40	19	20.234	12600.1
20230308	40	20	20.329	13777.9
20230308	40	21	20.424	17911.2
20230308	40	22	19.853	0
20230308	40	23	19.092	0
20230309	41	0	18.426	0
20230309	41	1	17.760	0
20230309	41	2	17.189	0
20230309	41	3	16.618	0
20230309	41	4	16.237	0
20230309	41	5	15.855	0
20230309	41	6	15.473	14466.8
20230309	41	7	15.760	10677.8
20230309	41	8	16.427	10677.8
20230309	41	9	16.903	11022.3
20230309	41	10	17.475	13222.3
20230309	41	11	17.855	14289.0
20230309	41	12	18.331	12600.1
20230309	41	13	18.806	12600.1
20230309	41	14	19.092	16533.4
20230309	41	15	19.567	16533.4
20230309	41	16	19.853	12289.0
20230309	41	17	20.043	17911.2
20230309	41	18	20.329	15155.7
20230309	41	19	20.615	12400.1
20230309	41	20	20.805	12400.1
20230309	41	21	20.996	12400.1
20230309	41	22	21.282	0
20230309	41	23	20.710	0
20230310	42	0	19.948	0
20230310	42	1	19.282	0
20230310	42	2	18.616	0
20230310	42	3	18.045	0
20230310	42	4	17.475	0
20230310	42	5	16.903	0
20230310	42	6	16.332	16533.4
20230310	42	7	16.523	13089.0
20230310	42	8	17.094	10677.8
20230310	42	9	17.475	16533.4
20230310	42	10	17.855	13089.0
20230310	42	11	18.236	14289.0
20230310	42	12	18.616	17911.2
20230310	42	13	18.996	12400.1
20230310	42	14	19.377	16533.4
20230310	42	15	17.760	12400.1
20230310	42	16	18.045	16533.4
20230310	42	17	18.331	13777.9
20230310	42	18	18.521	13089.0
20230310	42	19	18.806	11977.9
20230310	42	20	18.996	12600.1
20230310	42	21	19.092	17222.3
20230310	42	22	19.472	0
20230310	42	23	19.472	0
20230311	43	0	18.996	0
20230311	43	1	18.426	0
20230311	43	2	17.760	0
20230311	43	3	17.189	0
20230311	43	4	16.713	0
20230311	43	5	16.237	0
20230311	43	6	15.473	17911.2
20230311	43	7	14.900	13777.9
20230311	43	8	14.996	15844.5
20230311	43	9	15.282	13777.9
20230311	43	10	15.664	16533.4
20230311	43	11	16.046	16533.4
20230311	43	12	16.332	17911.2
20230311	43	13	16.808	11022.3
20230311	43	14	17.189	11022.3
20230311	43	15	17.950	14466.8
20230311	43	16	18.616	12400.1
20230311	43	17	18.806	12400.1
20230311	43	18	21.282	13777.9
20230311	43	19	20.805	17911.2
20230311	43	20	20.805	18600.1
20230311	43	21	20.805	12977.9
20230311	43	22	20.901	0
20230311	43	23	20.615	0
20230312	44	0	19.948	0
20230312	44	1	19.282	0
20230312	44	2	18.616	0
20230312	44	3	17.855	0
20230312	44	4	17.379	0
20230312	44	5	16.903	0
20230312	44	6	16.237	12400.1
20230312	44	7	15.664	12600.1
20230312	44	8	15.760	15844.5
20230312	44	9	15.951	16533.4
20230312	44	10	16.237	17911.2
20230312	44	11	16.523	16533.4
20230312	44	12	16.903	16533.4
20230312	44	13	17.189	11022.3
20230312	44	14	17.475	12400.1
20230312	44	15	17.760	13289.0
20230312	44	16	18.045	14466.8
20230312	44	17	18.331	14466.8
20230312	44	18	18.521	15022.1
20230312	44	19	18.711	15022.1
20230312	44	20	18.901	13777.9
20230312	44	21	19.092	13777.9
20230312	44	22	19.377	0
20230312	44	23	19.282	0
20230313	45	0	18.711	0
20230313	45	1	18.140	0
20230313	45	2	17.570	0
20230313	45	3	17.094	0
20230313	45	4	16.618	0
20230313	45	5	16.237	0
20230313	45	6	15.664	16533.4
20230313	45	7	15.187	11022.3
20230313	45	8	15.378	11022.3
20230313	45	9	15.569	13089.0
20230313	45	10	15.855	15155.7
20230313	45	11	16.237	13089.0
20230313	45	12	16.523	15155.7
20230313	45	13	16.903	14466.8
20230313	45	14	17.189	14466.8
20230313	45	15	17.475	15844.5
20230313	45	16	17.760	15844.5
20230313	45	17	18.045	12400.1
20230313	45	18	18.236	15155.7
20230313	45	19	18.521	17222.3
20230313	45	20	18.711	13777.9
20230313	45	21	18.806	16533.4
20230313	45	22	19.187	0
20230313	45	23	18.996	0
20230314	46	0	18.521	0
20230314	46	1	17.855	0
20230314	46	2	17.284	0
20230314	46	3	16.808	0
20230314	46	4	16.427	0
20230314	46	5	16.237	0
20230314	46	6	15.569	11711.2
20230314	46	7	15.187	16533.4
20230314	46	8	15.378	12400.1
20230314	46	9	16.618	11022.3
20230314	46	10	15.951	15155.7
20230314	46	11	17.094	13777.9
20230314	46	12	19.377	16533.4
20230314	46	13	20.424	13089.0
20230314	46	14	20.519	14466.8
20230314	46	15	20.710	15844.5
20230314	46	16	20.996	15155.7
20230314	46	17	21.187	15844.5
20230314	46	18	21.282	11022.3
20230314	46	19	21.187	14466.8
20230314	46	20	21.187	15155.7
20230314	46	21	21.187	15155.7
20230314	46	22	21.091	0
20230314	46	23	20.138	0
20230315	47	0	19.472	0
20230315	47	1	18.616	0
20230315	47	2	18.045	0
20230315	47	3	17.379	0
20230315	47	4	16.999	0
20230315	47	5	16.427	0
20230315	47	6	16.332	14466.8
20230315	47	7	16.999	16533.4
20230315	47	8	17.284	11022.3
20230315	47	9	17.760	15155.7
20230315	47	10	18.045	16533.4
20230315	47	11	18.426	13777.9
20230315	47	12	18.616	13089.0
20230315	47	13	19.092	17222.3
20230315	47	14	19.282	12400.1
20230315	47	15	19.662	15844.5
20230315	47	16	19.853	11022.3
20230315	47	17	20.138	10333.4
20230315	47	18	20.234	17911.2
20230315	47	19	20.424	15155.7
20230315	47	20	20.615	17222.3
20230315	47	21	20.710	13777.9
20230315	47	22	20.615	0
20230315	47	23	19.662	0
20230316	48	0	19.092	0
20230316	48	1	18.331	0
20230316	48	2	17.855	0
20230316	48	3	17.094	0
20230316	48	4	16.713	0
20230316	48	5	16.332	0
20230316	48	6	16.141	17911.2
20230316	48	7	16.903	17222.3
20230316	48	8	17.189	13777.9
20230316	48	9	17.570	11711.2
20230316	48	10	17.950	16533.4
20230316	48	11	18.331	10333.4
20230316	48	12	18.616	14466.8
20230316	48	13	18.996	12400.1
20230316	48	14	19.282	10677.8
20230316	48	15	19.662	13089.0
20230316	48	16	19.758	11711.2
20230316	48	17	20.043	10677.8
20230316	48	18	20.234	11022.3
20230316	48	19	20.329	13089.0
20230316	48	20	20.519	12400.1
20230316	48	21	20.710	10333.4
20230316	48	22	20.615	0
20230316	48	23	19.662	0
20230317	49	0	18.996	0
20230317	49	1	18.236	0
20230317	49	2	17.760	0
20230317	49	3	17.094	0
20230317	49	4	16.713	0
20230317	49	5	16.237	0
20230317	49	6	16.046	10677.8
20230317	49	7	16.903	11022.3
20230317	49	8	17.094	11022.3
20230317	49	9	17.475	12400.1
20230317	49	10	17.760	14466.8
20230317	49	11	18.045	13777.9
20230317	49	12	18.331	14466.8
20230317	49	13	18.711	12400.1
20230317	49	14	18.901	11711.2
20230317	49	15	19.282	16533.4
20230317	49	16	19.472	14466.8
20230317	49	17	19.758	14600.1
20230317	49	18	19.948	15844.5
20230317	49	19	20.138	14600.1
20230317	49	20	20.234	13089.0
20230317	49	21	20.424	16533.4
20230317	49	22	20.329	0
20230317	49	23	19.282	0
20230318	50	0	18.616	0
20230318	50	1	17.855	0
20230318	50	2	17.379	0
20230318	50	3	16.808	0
20230318	50	4	16.332	0
20230318	50	5	15.951	0
20230318	50	6	15.855	17222.3
20230318	50	7	16.618	16533.4
20230318	50	8	16.903	13777.9
20230318	50	9	17.284	11711.2
20230318	50	10	17.570	12400.1
20230318	50	11	17.950	13089.0
20230318	50	12	18.140	14600.1
20230318	50	13	18.521	13777.9
20230318	50	14	18.711	15155.7
20230318	50	15	19.092	15844.5
20230318	50	16	19.282	17222.3
20230318	50	17	19.662	15844.5
20230318	50	18	19.758	10333.4
20230318	50	19	19.948	11711.2
20230318	50	20	20.138	14466.8
20230318	50	21	20.234	17911.2
20230318	50	22	20.234	0
20230318	50	23	19.187	0
20230319	51	0	18.616	0
20230319	51	1	17.760	0
20230319	51	2	17.284	0
20230319	51	3	16.713	0
20230319	51	4	16.332	0
20230319	51	5	15.951	0
20230319	51	6	15.855	15844.5
20230319	51	7	16.713	17911.2
20230319	51	8	16.999	11022.3
20230319	51	9	17.379	11022.3
20230319	51	10	17.665	10333.4
20230319	51	11	18.140	14466.8
20230319	51	12	18.426	11711.2
20230319	51	13	18.711	11711.2
20230319	51	14	18.996	12400.1
20230319	51	15	19.282	14289.0
20230319	51	16	19.567	16533.4
20230319	51	17	19.853	14466.8
20230319	51	18	19.948	17911.2
20230319	51	19	20.138	12400.1
20230319	51	20	20.329	14289.0
20230319	51	21	20.519	14466.8
20230319	51	22	20.424	0
20230319	51	23	19.377	0
20230320	52	0	18.711	0
20230320	52	1	17.950	0
20230320	52	2	17.475	0
20230320	52	3	16.808	0
20230320	52	4	16.427	0
20230320	52	5	16.046	0
20230320	52	6	15.664	16533.4
20230320	52	7	15.569	16533.4
20230320	52	8	16.141	18600.1
20230320	52	9	16.808	16533.4
20230320	52	10	17.189	12400.1
20230320	52	11	17.760	15155.7
20230320	52	12	18.140	16533.4
20230320	52	13	18.616	10677.8
20230320	52	14	18.996	10333.4
20230320	52	15	19.472	15844.5
20230320	52	16	19.662	10677.8
20230320	52	17	19.948	14466.8
20230320	52	18	20.234	18600.1
20230320	52	19	20.519	15844.5
20230320	52	20	20.710	14289.0
20230320	52	21	20.901	14466.8
20230320	52	22	21.091	0
20230320	52	23	20.996	0
20230321	53	0	20.329	0
20230321	53	1	19.567	0
20230321	53	2	18.996	0
20230321	53	3	18.236	0
20230321	53	4	17.760	0
20230321	53	5	17.094	0
20230321	53	6	16.618	16533.4
20230321	53	7	16.141	14466.8
20230321	53	8	16.808	16533.4
20230321	53	9	17.284	12400.1
20230321	53	10	17.665	11022.3
20230321	53	11	18.140	14466.8
20230321	53	12	18.426	14289.0
20230321	53	13	18.806	14466.8
20230321	53	14	19.092	14289.0
20230321	53	15	17.665	15155.7
20230321	53	16	17.950	16533.4
20230321	53	17	18.236	10677.8
20230321	53	18	18.426	14466.8
20230321	53	19	18.711	15844.5
20230321	53	20	18.806	14466.8
20230321	53	21	19.092	17911.2
20230321	53	22	19.187	0
20230321	53	23	19.567	0
20230322	54	0	19.282	0
20230322	54	1	18.616	0
20230322	54	2	18.045	0
20230322	54	3	17.379	0
20230322	54	4	16.903	0
20230322	54	5	16.427	0
20230322	54	6	16.046	13089.0
20230322	54	7	14.996	12400.1
20230322	54	8	14.900	10677.8
20230322	54	9	15.187	14466.8
20230322	54	10	15.473	13777.9
20230322	54	11	15.855	12400.1
20230322	54	12	16.237	10677.8
20230322	54	13	16.713	12400.1
20230322	54	14	16.999	14977.9
20230322	54	15	17.760	13777.9
20230322	54	16	19.472	12400.1
20230322	54	17	18.711	11022.3
20230322	54	18	22.908	11022.3
20230322	54	19	20.901	12400.1
20230322	54	20	20.805	12400.1
20230322	54	21	20.805	16533.4
20230322	54	22	20.805	0
20230322	54	23	20.805	0
20230323	55	0	20.329	0
20230323	55	1	19.567	0
20230323	55	2	18.901	0
20230323	55	3	18.140	0
20230323	55	4	17.665	0
20230323	55	5	17.094	0
20230323	55	6	16.713	13089.0
20230323	55	7	15.664	17222.3
20230323	55	8	15.664	16533.4
20230323	55	9	15.855	11022.3
20230323	55	10	16.046	17222.3
20230323	55	11	16.427	12400.1
20230323	55	12	16.713	10677.8
20230323	55	13	17.094	15155.7
20230323	55	14	17.379	13089.0
20230323	55	15	17.665	11711.2
20230323	55	16	17.950	16533.4
20230323	55	17	18.236	16533.4
20230323	55	18	18.426	17911.2
20230323	55	19	18.711	17222.3
20230323	55	20	18.806	12400.1
20230323	55	21	19.092	11022.3
20230323	55	22	19.187	0
20230323	55	23	19.377	0
20230324	56	0	18.996	0
20230324	56	1	18.331	0
20230324	56	2	17.855	0
20230324	56	3	17.189	0
20230324	56	4	16.808	0
20230324	56	5	16.523	0
20230324	56	6	16.141	15844.5
20230324	56	7	15.187	13089.0
20230324	56	8	15.282	12400.1
20230324	56	9	15.473	12400.1
20230324	56	10	15.760	14289.0
20230324	56	11	16.046	15844.5
20230324	56	12	16.332	13089.0
20230324	56	13	16.808	13089.0
20230324	56	14	16.999	10677.8
20230324	56	15	17.379	10677.8
20230324	56	16	17.665	13089.0
20230324	56	17	17.950	12400.1
20230324	56	18	18.140	17911.2
20230324	56	19	18.426	15844.5
20230324	56	20	18.616	17222.3
20230324	56	21	18.806	17911.2
20230324	56	22	18.996	0
20230324	56	23	19.187	0
20230325	57	0	18.711	0
20230325	57	1	18.045	0
20230325	57	2	17.665	0
20230325	57	3	17.094	0
20230325	57	4	16.713	0
20230325	57	5	16.237	0
20230325	57	6	15.951	16533.4
20230325	57	7	15.091	16533.4
20230325	57	8	15.282	16533.4
20230325	57	9	15.473	13777.9
20230325	57	10	16.237	17911.2
20230325	57	11	16.237	16533.4
20230325	57	12	20.234	13089.0
20230325	57	13	20.710	11711.2
20230325	57	14	20.519	11022.3
20230325	57	15	20.615	10677.8
20230325	57	16	20.901	12400.1
20230325	57	17	21.091	14466.8
20230325	57	18	21.282	15155.7
20230325	57	19	21.187	14466.8
20230325	57	20	21.187	13777.9
20230325	57	21	21.187	12400.1
20230325	57	22	20.710	0
20230325	57	23	19.853	0
20230326	58	0	19.187	0
20230326	58	1	18.426	0
20230326	58	2	17.855	0
20230326	58	3	17.189	0
20230326	58	4	16.808	0
20230326	58	5	16.332	0
20230326	58	6	16.523	14466.8
20230326	58	7	17.189	17911.2
20230326	58	8	17.475	17222.3
20230326	58	9	17.855	14466.8
20230326	58	10	18.140	18600.1
20230326	58	11	18.521	18600.1
20230326	58	12	18.806	12400.1
20230326	58	13	19.187	12400.1
20230326	58	14	19.377	14466.8
20230326	58	15	19.758	12400.1
20230326	58	16	19.948	14466.8
20230326	58	17	20.138	12400.1
20230326	58	18	20.329	13777.9
20230326	58	19	20.519	12400.1
20230326	58	20	20.615	12400.1
20230326	58	21	20.805	18600.1
20230326	58	22	20.329	0
20230326	58	23	19.472	0
20230327	59	0	18.806	0
20230327	59	1	18.140	0
20230327	59	2	17.570	0
20230327	59	3	16.903	0
20230327	59	4	16.618	0
20230327	59	5	16.141	0
20230327	59	6	16.427	11711.2
20230327	59	7	16.999	16533.4
20230327	59	8	17.379	14466.8
20230327	59	9	17.760	13089.0
20230327	59	10	18.045	14466.8
20230327	59	11	18.426	16533.4
20230327	59	12	18.711	11711.2
20230327	59	13	19.092	14466.8
20230327	59	14	19.282	12400.1
20230327	59	15	19.662	15155.7
20230327	59	16	19.853	12400.1
20230327	59	17	20.138	17222.3
20230327	59	18	20.234	18600.1
20230327	59	19	20.424	18600.1
20230327	59	20	20.615	12400.1
20230327	59	21	20.710	12400.1
20230327	59	22	20.234	0
20230327	59	23	19.377	0
20230328	60	0	18.806	0
20230328	60	1	18.045	0
20230328	60	2	17.570	0
20230328	60	3	16.903	0
20230328	60	4	16.523	0
20230328	60	5	16.141	0
20230328	60	6	16.427	12400.1
20230328	60	7	16.999	18600.1
20230328	60	8	17.284	18600.1
20230328	60	9	17.570	13089.0
20230328	60	10	17.855	13089.0
20230328	60	11	18.236	16533.4
20230328	60	12	18.426	15844.5
20230328	60	13	18.806	16533.4
20230328	60	14	19.092	16533.4
20230328	60	15	19.377	12400.1
20230328	60	16	19.662	18600.1
20230328	60	17	19.853	16533.4
20230328	60	18	19.948	17222.3
20230328	60	19	20.138	15844.5
20230328	60	20	20.329	14466.8
20230328	60	21	20.424	16533.4
20230328	60	22	19.948	0
20230328	60	23	19.092	0
20230329	61	0	18.426	0
20230329	61	1	17.665	0
20230329	61	2	17.189	0
20230329	61	3	16.618	0
20230329	61	4	16.237	0
20230329	61	5	15.855	0
20230329	61	6	16.141	13089.0
20230329	61	7	16.713	18600.1
20230329	61	8	17.094	15844.5
20230329	61	9	17.379	12400.1
20230329	61	10	17.665	11711.2
20230329	61	11	17.950	16533.4
20230329	61	12	18.331	17222.3
20230329	61	13	18.616	13777.9
20230329	61	14	18.901	15844.5
20230329	61	15	19.187	16533.4
20230329	61	16	19.377	12400.1
20230329	61	17	19.662	10333.4
20230329	61	18	19.758	16533.4
20230329	61	19	20.043	15155.7
20230329	61	20	20.138	16533.4
20230329	61	21	20.329	16533.4
20230329	61	22	19.853	0
20230329	61	23	18.901	0
20230330	62	0	18.331	0
20230330	62	1	17.570	0
20230330	62	2	17.094	0
20230330	62	3	16.523	0
20230330	62	4	16.237	0
20230330	62	5	15.760	0
20230330	62	6	16.237	13777.9
20230330	62	7	16.808	16533.4
20230330	62	8	17.189	11711.2
20230330	62	9	17.570	13089.0
20230330	62	10	17.855	15844.5
20230330	62	11	18.236	14466.8
20230330	62	12	18.521	12400.1
20230330	62	13	18.806	15844.5
20230330	62	14	19.092	16533.4
20230330	62	15	19.377	17911.2
20230330	62	16	19.662	16533.4
20230330	62	17	19.853	13089.0
20230330	62	18	20.043	15844.5
20230330	62	19	20.234	15155.7
20230330	62	20	20.329	15155.7
20230330	62	21	20.424	14466.8
20230330	62	22	19.948	0
20230330	62	23	19.092	0
20230331	63	0	18.521	0
20230331	63	1	17.760	0
20230331	63	2	17.284	0
20230331	63	3	16.618	0
20230331	63	4	16.332	0
20230331	63	5	15.855	0
20230331	63	6	15.569	11022.3
20230331	63	7	15.760	17911.2
20230331	63	8	16.332	17222.3
20230331	63	9	16.903	15155.7
20230331	63	10	17.284	12400.1
20230331	63	11	17.855	14466.8
20230331	63	12	18.236	18600.1
20230331	63	13	18.806	12400.1
20230331	63	14	19.092	12400.1
20230331	63	15	19.567	16533.4
20230331	63	16	19.758	15844.5
20230331	63	17	20.043	13777.9
20230331	63	18	20.329	14466.8
20230331	63	19	20.615	15155.7
20230331	63	20	20.710	12400.1
20230331	63	21	20.996	14466.8
20230331	63	22	21.187	0
20230331	63	23	20.710	0
20230401	64	0	20.138	0
20230401	64	1	19.282	0
20230401	64	2	18.711	0
20230401	64	3	18.045	0
20230401	64	4	17.570	0
20230401	64	5	16.903	0
20230401	64	6	16.427	16533.4
20230401	64	7	16.523	10677.8
20230401	64	8	16.903	16533.4
20230401	64	9	17.475	13777.9
20230401	64	10	17.760	13089.0
20230401	64	11	18.236	14466.8
20230401	64	12	18.521	13777.9
20230401	64	13	18.996	17911.2
20230401	64	14	19.282	16533.4
20230401	64	15	17.760	16533.4
20230401	64	16	18.045	15844.5
20230401	64	17	18.331	15844.5
20230401	64	18	18.521	12400.1
20230401	64	19	18.806	15155.7
20230401	64	20	18.901	13777.9
20230401	64	21	19.092	13089.0
20230401	64	22	19.377	0
20230401	64	23	19.472	0
20230402	65	0	19.092	0
20230402	65	1	18.426	0
20230402	65	2	17.855	0
20230402	65	3	17.189	0
20230402	65	4	16.713	0
20230402	65	5	16.237	0
20230402	65	6	15.664	12400.1
20230402	65	7	14.900	14466.8
20230402	65	8	14.996	15155.7
20230402	65	9	15.282	11022.3
20230402	65	10	15.569	10677.8
20230402	65	11	16.046	14466.8
20230402	65	12	16.332	15155.7
20230402	65	13	16.808	15844.5
20230402	65	14	17.094	14466.8
20230402	65	15	17.950	16533.4
20230402	65	16	18.711	11022.3
20230402	65	17	18.806	11711.2
20230402	65	18	21.569	14466.8
20230402	65	19	20.805	14466.8
20230402	65	20	20.805	12400.1
20230402	65	21	20.805	13777.9
20230402	65	22	20.901	0
20230402	65	23	20.615	0
20230403	66	0	20.138	0
20230403	66	1	19.282	0
20230403	66	2	18.711	0
20230403	66	3	17.855	0
20230403	66	4	17.475	0
20230403	66	5	16.903	0
20230403	66	6	16.427	10677.8
20230403	66	7	15.664	12400.1
20230403	66	8	15.760	16533.4
20230403	66	9	15.951	15155.7
20230403	66	10	16.237	14466.8
20230403	66	11	16.523	15844.5
20230403	66	12	16.808	11711.2
20230403	66	13	17.189	11022.3
20230403	66	14	17.475	10333.4
20230403	66	15	17.760	13777.9
20230403	66	16	17.950	13777.9
20230403	66	17	18.331	11711.2
20230403	66	18	18.521	16533.4
20230403	66	19	18.711	10333.4
20230403	66	20	18.901	10677.8
20230403	66	21	19.092	10333.4
20230403	66	22	19.377	0
20230403	66	23	19.282	0
20230404	67	0	18.806	0
20230404	67	1	18.140	0
20230404	67	2	17.665	0
20230404	67	3	17.094	0
20230404	67	4	16.808	0
20230404	67	5	16.237	0
20230404	67	6	15.855	14466.8
20230404	67	7	15.187	14466.8
20230404	67	8	15.282	13777.9
20230404	67	9	15.569	11711.2
20230404	67	10	15.855	16533.4
20230404	67	11	16.237	12400.1
20230404	67	12	16.523	12400.1
20230404	67	13	16.903	13089.0
20230404	67	14	17.094	15155.7
20230404	67	15	17.475	15844.5
20230404	67	16	17.760	12400.1
20230404	67	17	18.045	11711.2
20230404	67	18	18.236	15155.7
20230404	67	19	18.521	15155.7
20230404	67	20	18.711	12400.1
20230404	67	21	18.806	13777.9
20230404	67	22	19.092	0
20230404	67	23	18.996	0
20230405	68	0	18.521	0
20230405	68	1	17.855	0
20230405	68	2	17.379	0
20230405	68	3	16.808	0
20230405	68	4	16.523	0
20230405	68	5	16.237	0
20230405	68	6	15.664	11711.2
20230405	68	7	15.187	12400.1
20230405	68	8	15.378	15844.5
20230405	68	9	16.618	12400.1
20230405	68	10	15.951	11711.2
20230405	68	11	15.951	14466.8
20230405	68	12	19.567	15155.7
20230405	68	13	20.424	12400.1
20230405	68	14	20.519	11711.2
20230405	68	15	20.710	11022.3
20230405	68	16	20.901	14466.8
20230405	68	17	21.187	13777.9
20230405	68	18	21.282	14466.8
20230405	68	19	21.187	16533.4
20230405	68	20	21.187	15155.7
20230405	68	21	21.187	12400.1
20230405	68	22	21.091	0
20230405	68	23	20.138	0
20230406	69	0	19.282	0
20230406	69	1	18.426	0
20230406	69	2	18.045	0
20230406	69	3	17.379	0
20230406	69	4	16.999	0
20230406	69	5	16.427	0
20230406	69	6	16.332	12400.1
20230406	69	7	16.999	11711.2
20230406	69	8	17.284	16533.4
20230406	69	9	17.760	14466.8
20230406	69	10	18.045	11711.2
20230406	69	11	18.426	11711.2
20230406	69	12	18.616	15844.5
20230406	69	13	19.092	12400.1
20230406	69	14	19.282	10333.4
20230406	69	15	19.662	16533.4
20230406	69	16	19.853	15155.7
20230406	69	17	20.138	16533.4
20230406	69	18	20.234	13777.9
20230406	69	19	20.424	11711.2
20230406	69	20	20.615	13089.0
20230406	69	21	20.710	15844.5
20230406	69	22	20.615	0
20230406	69	23	19.662	0
20230407	70	0	19.092	0
20230407	70	1	18.331	0
20230407	70	2	17.855	0
20230407	70	3	17.094	0
20230407	70	4	16.713	0
20230407	70	5	16.332	0
20230407	70	6	16.141	17222.3
20230407	70	7	16.903	15155.7
20230407	70	8	17.189	15844.5
20230407	70	9	17.570	13089.0
20230407	70	10	17.950	15155.7
20230407	70	11	18.331	17911.2
20230407	70	12	18.616	14466.8
20230407	70	13	18.996	16533.4
20230407	70	14	19.282	16533.4
20230407	70	15	19.662	17911.2
20230407	70	16	19.758	15155.7
20230407	70	17	20.138	12400.1
20230407	70	18	20.329	16533.4
20230407	70	19	20.424	14466.8
20230407	70	20	20.615	13777.9
20230407	70	21	20.710	12400.1
20230407	70	22	20.615	0
20230407	70	23	19.758	0
20230408	71	0	18.901	0
20230408	71	1	18.140	0
20230408	71	2	17.760	0
20230408	71	3	17.094	0
20230408	71	4	16.713	0
20230408	71	5	16.237	0
20230408	71	6	16.046	14466.8
20230408	71	7	16.903	15155.7
20230408	71	8	17.094	12400.1
20230408	71	9	17.379	10677.8
20230408	71	10	17.760	16533.4
20230408	71	11	18.045	13777.9
20230408	71	12	18.331	13089.0
20230408	71	13	18.616	15844.5
20230408	71	14	18.901	14466.8
20230408	71	15	19.282	17222.3
20230408	71	16	19.472	13777.9
20230408	71	17	19.758	16533.4
20230408	71	18	19.948	16533.4
20230408	71	19	20.043	16533.4
20230408	71	20	20.234	15155.7
20230408	71	21	20.424	13777.9
20230408	71	22	20.329	0
20230408	71	23	19.472	0
20230409	72	0	18.521	0
20230409	72	1	17.950	0
20230409	72	2	17.284	0
20230409	72	3	16.808	0
20230409	72	4	16.332	0
20230409	72	5	16.046	0
20230409	72	6	16.046	11711.2
20230409	72	7	16.523	15844.5
20230409	72	8	16.999	16533.4
20230409	72	9	17.284	14466.8
20230409	72	10	17.570	11711.2
20230409	72	11	17.855	12400.1
20230409	72	12	18.236	15844.5
20230409	72	13	18.426	12400.1
20230409	72	14	18.711	11711.2
20230409	72	15	19.092	16533.4
20230409	72	16	19.282	13089.0
20230409	72	17	19.662	17222.3
20230409	72	18	19.758	13089.0
20230409	72	19	19.948	13777.9
20230409	72	20	20.138	12400.1
20230409	72	21	20.234	15844.5
20230409	72	22	20.234	0
20230409	72	23	19.187	0
20230410	73	0	18.616	0
20230410	73	1	17.855	0
20230410	73	2	17.189	0
20230410	73	3	16.808	0
20230410	73	4	16.332	0
20230410	73	5	15.951	0
20230410	73	6	16.046	10333.4
20230410	73	7	16.618	14466.8
20230410	73	8	17.094	16533.4
20230410	73	9	17.379	14466.8
20230410	73	10	17.855	12400.1
20230410	73	11	18.045	12400.1
20230410	73	12	18.426	15155.7
20230410	73	13	18.711	16533.4
20230410	73	14	18.996	10677.8
20230410	73	15	19.282	14466.8
20230410	73	16	19.567	16533.4
20230410	73	17	19.853	14466.8
20230410	73	18	19.948	16533.4
20230410	73	19	20.138	12400.1
20230410	73	20	20.329	15155.7
20230410	73	21	20.424	16533.4
20230410	73	22	20.138	0
20230410	73	23	19.377	0
20230411	74	0	18.711	0
20230411	74	1	18.045	0
20230411	74	2	17.379	0
20230411	74	3	16.808	0
20230411	74	4	16.427	0
20230411	74	5	16.046	0
20230411	74	6	15.664	13777.9
20230411	74	7	15.378	12400.1
20230411	74	8	16.237	10677.8
20230411	74	9	16.808	13777.9
20230411	74	10	17.189	12400.1
20230411	74	11	17.665	11022.3
20230411	74	12	18.236	12400.1
20230411	74	13	18.616	16533.4
20230411	74	14	19.092	11711.2
20230411	74	15	19.472	13089.0
20230411	74	16	19.662	16533.4
20230411	74	17	19.948	12400.1
20230411	74	18	20.234	10677.8
20230411	74	19	20.424	12400.1
20230411	74	20	20.710	14466.8
20230411	74	21	20.901	11022.3
20230411	74	22	21.091	0
20230411	74	23	20.996	0
20230412	75	0	20.329	0
20230412	75	1	19.567	0
20230412	75	2	18.806	0
20230412	75	3	18.236	0
20230412	75	4	17.665	0
20230412	75	5	17.094	0
20230412	75	6	16.523	16533.4
20230412	75	7	16.141	15155.7
20230412	75	8	16.808	12400.1
20230412	75	9	17.189	16533.4
20230412	75	10	17.760	10677.8
20230412	75	11	18.140	13089.0
20230412	75	12	18.426	11711.2
20230412	75	13	18.806	12400.1
20230412	75	14	19.187	11022.3
20230412	75	15	18.045	13089.0
20230412	75	16	17.950	12400.1
20230412	75	17	18.236	13089.0
20230412	75	18	18.521	10677.8
20230412	75	19	18.711	13089.0
20230412	75	20	18.806	12400.1
20230412	75	21	18.996	12400.1
20230412	75	22	19.377	0
20230412	75	23	19.567	0
20230413	76	0	19.282	0
20230413	76	1	18.616	0
20230413	76	2	17.950	0
20230413	76	3	17.379	0
20230413	76	4	16.808	0
20230413	76	5	16.427	0
20230413	76	6	15.855	11711.2
20230413	76	7	14.996	15844.5
20230413	76	8	14.996	14466.8
20230413	76	9	15.187	14466.8
20230413	76	10	15.473	13089.0
20230413	76	11	15.855	15844.5
20230413	76	12	16.332	12400.1
20230413	76	13	16.713	13777.9
20230413	76	14	16.999	11022.3
20230413	76	15	17.665	15155.7
20230413	76	16	18.806	14466.8
20230413	76	17	18.711	12400.1
20230413	76	18	21.569	14466.8
20230413	76	19	20.901	12400.1
20230413	76	20	20.805	13777.9
20230413	76	21	20.805	11711.2
20230413	76	22	20.805	0
20230413	76	23	20.710	0
20230414	77	0	20.234	0
20230414	77	1	19.567	0
20230414	77	2	18.806	0
20230414	77	3	17.950	0
20230414	77	4	17.475	0
20230414	77	5	17.094	0
20230414	77	6	16.427	13777.9
20230414	77	7	15.664	16533.4
20230414	77	8	15.664	11022.3
20230414	77	9	15.855	16533.4
20230414	77	10	16.237	14466.8
20230414	77	11	16.427	14466.8
20230414	77	12	16.808	13089.0
