sample	treatment	week	feeding_rate_ug_day
1	NC	1	NA
2	NC	1	2.246657134
3	NC	1	2.203944326
4	NC	1	0.515597047
5	NC	1	0.410511339
6	NC	1	2.146724702
7	NC	1	0.998290871
8	NC	1	0.638075854
9	NC	1	0.532492778
10	NC	1	1.15981779
11	NC	1	0.478317695
12	NC	1	1.320610534
13	NC	1	1.177491623
14	NC	1	1.24827159
15	NC	1	1.721141649
16	NC	1	0.522203471
17	NC	1	2.24056565
18	NC	1	1.800308167
19	NC	1	0.349651069
20	NC	1	0.528773984
21	NC	1	3.706654757
22	NC	1	3.569952481
23	NC	1	45.41086253
24	NC	1	2.879611445
25	NC	1	0.946527075
26	NC	1	31.85062243
27	NC	1	4.438869413
28	NC	1	9.967543571
29	NC	1	3.670116137
30	NC	1	NA
31	Pro	1	2.121204907
32	Pro	1	6.49279915
33	Pro	1	12.37258186
34	Pro	1	23.20252159
35	Pro	1	16.32083012
36	Pro	1	26.78483521
37	Pro	1	11.39099855
38	Pro	1	15.47925431
39	Pro	1	17.5819397
40	Pro	1	23.55215604
41	Pro	1	24.94579019
42	Pro	1	25.10935084
43	Pro	1	13.41199723
44	Pro	1	15.94126397
45	Pro	1	13.4844842
46	Pro	1	NA
47	Pro	1	18.71596793
48	Pro	1	9.594063892
49	Pro	1	1.300916132
50	Pro	1	0.877497935
51	Pro	1	4.312088839
52	Pro	1	3.821772923
53	Pro	1	4.013208399
54	Pro	1	0.441410044
55	Pro	1	NA
56	Pro	1	0.434147252
57	Pro	1	3.448257955
58	Pro	1	3.081238102
59	Pro	1	0.412058141
60	Pro	1	9.878984004
61	Cip	1	1.157583199
62	Cip	1	0
63	Cip	1	0
64	Cip	1	0.956614001
65	Cip	1	0
66	Cip	1	1.576207111
67	Cip	1	2.201750063
68	Cip	1	1.126619659
69	Cip	1	0.353597889
70	Cip	1	1.719580212
71	Cip	1	4.061698198
72	Cip	1	NA
73	Cip	1	0.431715616
74	Cip	1	0.588204184
75	Cip	1	NA
76	Cip	1	0.665991163
77	Cip	1	1.75688409
78	Cip	1	2.454153669
79	Cip	1	1.124018346
80	Cip	1	1.521644139
81	Cip	1	0.867970531
82	Cip	1	2.209626958
83	Cip	1	0.556451126
84	Cip	1	0.603712314
85	Cip	1	1.827925835
86	Cip	1	2.791106373
87	Cip	1	0.690199265
88	Cip	1	0.520174204
89	Cip	1	0.400371324
90	Cip	1	2.949075908
91	Mix	1	8.92284107
92	Mix	1	0.837573767
93	Mix	1	10.75098166
94	Mix	1	0.131678861
95	Mix	1	1.466482683
96	Mix	1	2.196584741
97	Mix	1	0.31121222
98	Mix	1	1.229926202
99	Mix	1	0.412299463
100	Mix	1	0.551297665
101	Mix	1	1.804917365
102	Mix	1	1.606695997
103	Mix	1	0
104	Mix	1	0.134269131
105	Mix	1	0.412096178
106	Mix	1	1.473257463
107	Mix	1	1.357108427
108	Mix	1	0.219747279
109	Mix	1	1.829072892
110	Mix	1	5.559356134
111	Mix	1	1.731304755
112	Mix	1	0.427580066
113	Mix	1	0.43771739
114	Mix	1	2.492635155
115	Mix	1	1.848165473
116	Mix	1	15.95318745
117	Mix	1	0.707749555
118	Mix	1	7.739008856
119	Mix	1	1.687566682
120	Mix	1	0.51188146
121	NC	2	2.721730187
122	NC	2	0.583482518
123	NC	2	2.950777157
124	NC	2	2.666589956
125	NC	2	11.96300204
126	NC	2	0
127	NC	2	2.244834556
128	NC	2	4.286191642
129	NC	2	3.285182206
130	NC	2	6.429067721
131	NC	2	7.543134519
132	NC	2	8.173695862
133	NC	2	1.882234273
134	NC	2	0
135	NC	2	6.728000782
136	NC	2	5.871526671
137	NC	2	3.47396888
138	NC	2	0
139	NC	2	2.025587919
140	NC	2	1.172139642
141	NC	2	1.053527618
142	NC	2	11.35672876
143	NC	2	1.642155714
144	NC	2	13.31256023
145	NC	2	2.23489779
146	NC	2	1.567537949
147	NC	2	2.509743885
148	NC	2	3.221150687
149	NC	2	3.105087511
150	NC	2	NA
151	Pro	2	0.942033776
152	Pro	2	0.317915165
153	Pro	2	4.911520224
154	Pro	2	5.261455366
155	Pro	2	2.161719365
156	Pro	2	0
157	Pro	2	NA
158	Pro	2	2.731845282
159	Pro	2	1.435919125
160	Pro	2	0.17907123
161	Pro	2	0.121613013
162	Pro	2	0.473727876
163	Pro	2	1.220322481
164	Pro	2	0.636263493
165	Pro	2	1.626625254
166	Pro	2	NA
167	Pro	2	0.727766625
168	Pro	2	0.512012328
169	Pro	2	0.617613767
170	Pro	2	0.487396322
171	Pro	2	2.471249791
172	Pro	2	1.50897113
173	Pro	2	1.204089379
174	Pro	2	0.154939499
175	Pro	2	NA
176	Pro	2	0.111040823
177	Pro	2	1.676463693
178	Pro	2	0.769802393
179	Pro	2	3.227039635
180	Pro	2	0.961218646
181	Cip	2	0.250214173
182	Cip	2	8.006604131
183	Cip	2	0.459043906
184	Cip	2	2.95146755
185	Cip	2	0.662618188
186	Cip	2	0
187	Cip	2	4.072765245
188	Cip	2	NA
189	Cip	2	0.788816423
190	Cip	2	10.25997697
191	Cip	2	0
192	Cip	2	NA
193	Cip	2	6.325438116
194	Cip	2	1.182468395
195	Cip	2	NA
196	Cip	2	0.285342738
197	Cip	2	NA
198	Cip	2	0
199	Cip	2	0.316201198
200	Cip	2	1.72611505
201	Cip	2	NA
202	Cip	2	1.608765955
203	Cip	2	2.685646701
204	Cip	2	1.827437116
205	Cip	2	0
206	Cip	2	1.121587525
207	Cip	2	2.637382372
208	Cip	2	6.031456498
209	Cip	2	0
210	Cip	2	0.577036111
211	Mix	2	0.919272074
212	Mix	2	1.169728268
213	Mix	2	1.431243188
214	Mix	2	0.501263985
215	Mix	2	0.223316679
216	Mix	2	0.654950571
217	Mix	2	0.991341902
218	Mix	2	1.777932173
219	Mix	2	0.918135725
220	Mix	2	1.021016976
221	Mix	2	0.954986034
222	Mix	2	1.005727841
223	Mix	2	2.112968267
224	Mix	2	0.797898084
225	Mix	2	0.129399923
226	Mix	2	0.732154513
227	Mix	2	1.905918958
228	Mix	2	0.27589655
229	Mix	2	0
230	Mix	2	0.574160413
231	Mix	2	0
232	Mix	2	0.147485071
233	Mix	2	0.565095947
234	Mix	2	0.776751368
235	Mix	2	1.185008107
236	Mix	2	1.570177328
237	Mix	2	0.933613892
238	Mix	2	1.001881156
239	Mix	2	0.68162198
240	Mix	2	0.263441204
241	NC	3	2.549231337
242	NC	3	1.788095914
243	NC	3	0.5599642
244	NC	3	1.874412584
245	NC	3	0.365155079
246	NC	3	0.229799699
247	NC	3	7.966650339
248	NC	3	0
249	NC	3	1.090727997
250	NC	3	0.81216596
251	NC	3	1.995267044
252	NC	3	0.75177794
253	NC	3	1.213092758
254	NC	3	0.25733453
255	NC	3	1.934683735
256	NC	3	0.714149196
257	NC	3	0.288695627
258	NC	3	0.248149821
259	NC	3	2.419335897
260	NC	3	0.994912491
261	NC	3	3.581503707
262	NC	3	3.400217951
263	NC	3	1.691772569
264	NC	3	3.045209737
265	NC	3	1.885563547
266	NC	3	0.668114018
267	NC	3	0.655237767
268	NC	3	3.63209985
269	NC	3	0.479815797
270	NC	3	NA
271	Pro	3	23.45694323
272	Pro	3	2.659290736
273	Pro	3	0.308938452
274	Pro	3	1.830030773
275	Pro	3	0
276	Pro	3	1.334233864
277	Pro	3	6.978045432
278	Pro	3	1.509189924
279	Pro	3	0.199985341
280	Pro	3	10.90660085
281	Pro	3	NA
282	Pro	3	0.882133807
283	Pro	3	0
284	Pro	3	13.30040794
285	Pro	3	0
286	Pro	3	NA
287	Pro	3	4.113420234
288	Pro	3	0
289	Pro	3	22.16633724
290	Pro	3	2.229118508
291	Pro	3	2.036130617
292	Pro	3	0
293	Pro	3	8.206224699
294	Pro	3	0.953839258
295	Pro	3	NA
296	Pro	3	0.829700052
297	Pro	3	1.233397447
298	Pro	3	0.539479021
299	Pro	3	4.110872648
300	Pro	3	0.457247969
301	Cip	3	1.763534121
302	Cip	3	3.399555928
303	Cip	3	0.989724934
304	Cip	3	0.337699576
305	Cip	3	1.348517394
306	Cip	3	1.453721832
307	Cip	3	0.91203162
308	Cip	3	0.12142217
309	Cip	3	0.219332672
310	Cip	3	3.885464755
311	Cip	3	1.968336642
312	Cip	3	NA
313	Cip	3	11.23372928
314	Cip	3	0
315	Cip	3	NA
316	Cip	3	1.212777372
317	Cip	3	1.601758237
318	Cip	3	0.656612156
319	Cip	3	2.058118924
320	Cip	3	4.697664306
321	Cip	3	2.133147706
322	Cip	3	3.082939338
323	Cip	3	0.574454114
324	Cip	3	4.124187961
325	Cip	3	1.070460945
326	Cip	3	1.960726378
327	Cip	3	4.140895596
328	Cip	3	3.985170874
329	Cip	3	1.087219668
330	Cip	3	5.011377761
331	Mix	3	0.548039278
332	Mix	3	0.532777523
333	Mix	3	0.998680325
334	Mix	3	0.731025374
335	Mix	3	2.604201937
336	Mix	3	1.390570746
337	Mix	3	0.187149096
338	Mix	3	1.237737729
339	Mix	3	1.643491546
340	Mix	3	0.702035731
341	Mix	3	1.553803429
342	Mix	3	1.544212608
343	Mix	3	0.959325209
344	Mix	3	0.777487311
345	Mix	3	0.051564345
346	Mix	3	2.019068322
347	Mix	3	3.306116591
348	Mix	3	1.423431767
349	Mix	3	0.437979972
350	Mix	3	5.163446422
351	Mix	3	1.882613747
352	Mix	3	1.396453366
353	Mix	3	0.893075133
354	Mix	3	2.873302726
355	Mix	3	1.660686911
356	Mix	3	1.634641624
357	Mix	3	1.397815359
358	Mix	3	3.135191523
359	Mix	3	2.009554283
360	Mix	3	1.855256595
