date	day	time_of_day	temperature	light_intensity
20230331	0	12	13.56	360
20230331	0	13	13.65	343.5
20230331	0	14	13.65	367.3
20230331	0	15	13.75	333.8
20230331	0	16	13.85	301.4
20230331	0	17	13.85	333.7
20230331	0	18	13.85	304.1
20230331	0	19	13.94	327.7
20230331	0	20	13.94	305.3
20230331	0	21	13.94	302.6
20230331	0	22	13.85	0
20230331	0	23	13.37	0
20230401	1	0	12.69	0
20230401	1	1	12.4	0
20230401	1	2	12.4	0
20230401	1	3	12.4	0
20230401	1	4	12.69	0
20230401	1	5	12.59	0
20230401	1	6	12.5	303.4
20230401	1	7	12.5	325.6
20230401	1	8	12.79	345.8
20230401	1	9	13.08	308.2
20230401	1	10	13.37	313.3
20230401	1	11	13.56	331.8
20230401	1	12	13.75	343.2
20230401	1	13	13.56	346.8
20230401	1	14	13.37	336.8
20230401	1	15	13.6	300.7
20230401	1	16	13.75	333.2
20230401	1	17	13.8	354.3
20230401	1	18	13.92	355.2
20230401	1	19	13.95	353.8
20230401	1	20	14	354.7
20230401	1	21	13.97	317.9
20230401	1	22	13.68	0
20230401	1	23	13.3	0
20230402	2	0	12.79	0
20230402	2	1	12.52	0
20230402	2	2	12.4	0
20230402	2	3	12.3	0
20230402	2	4	12.35	0
20230402	2	5	12.45	0
20230402	2	6	12.5	307.4
20230402	2	7	12.5	326.4
20230402	2	8	12.89	331.5
20230402	2	9	13.11	348.8
20230402	2	10	13.43	354.8
20230402	2	11	13.66	332.6
20230402	2	12	13.7	325.6
20230402	2	13	13.7	345.4
20230402	2	14	13.75	350.1
20230402	2	15	13.75	315.8
20230402	2	16	13.79	322.3
20230402	2	17	13.83	310.5
20230402	2	18	13.9	324.7
20230402	2	19	13.9	338.8
20230402	2	20	13.95	309.1
20230402	2	21	13.95	340.3
20230402	2	22	13.83	0
20230402	2	23	13.25	0
20230403	3	0	12.59	0
20230403	3	1	12.54	0
20230403	3	2	12.5	0
20230403	3	3	12.45	0
20230403	3	4	12.4	0
20230403	3	5	12.38	0
20230403	3	6	12.38	321.7
20230403	3	7	12.43	319.2
20230403	3	8	12.8	344.5
20230403	3	9	13.14	328.2
20230403	3	10	13.55	301.9
20230403	3	11	13.6	306.8
20230403	3	12	13.61	329.6
20230403	3	13	13.67	341.4
20230403	3	14	13.75	342.4
20230403	3	15	13.8	314.8
20230403	3	16	13.8	327.3
20230403	3	17	13.82	358.5
20230403	3	18	13.88	360.3
20230403	3	19	13.89	354.2
20230403	3	20	13.9	341.3
20230403	3	21	13.94	351.7
20230403	3	22	13.98	0
20230403	3	23	13.44	0
20230404	4	0	12.67	0
20230404	4	1	12.6	0
20230404	4	2	12.5	0
20230404	4	3	12.6	0
20230404	4	4	12.58	0
20230404	4	5	12.49	0
20230404	4	6	12.46	313.3
20230404	4	7	12.4	309.3
20230404	4	8	12.6	334.8
20230404	4	9	13.35	332.4
20230404	4	10	13.49	329.9
20230404	4	11	13.67	359.3
20230404	4	12	13.7	331.5
20230404	4	13	13.75	321.4
20230404	4	14	13.75	344.2
20230404	4	15	13.75	352.7
20230404	4	16	13.85	319.1
20230404	4	17	13.82	343.5
20230404	4	18	13.87	300.8
20230404	4	19	13.85	355.7
20230404	4	20	13.9	338.2
20230404	4	21	13.9	340.4
20230404	4	22	13.91	0
20230404	4	23	13.5	0
20230405	5	0	12.8	0
20230405	5	1	12.76	0
20230405	5	2	12.68	0
20230405	5	3	12.63	0
20230405	5	4	12.57	0
20230405	5	5	12.46	0
20230405	5	6	12.42	311.9
20230405	5	7	12.4	330.8
20230405	5	8	12.7	356.2
20230405	5	9	13.15	304.3
20230405	5	10	13.3	347.6
20230405	5	11	13.44	357.5
20230405	5	12	13.65	345.2
20230405	5	13	13.72	306.8
20230405	5	14	13.75	317.9
20230405	5	15	13.77	336.7
20230405	5	16	13.79	324.5
20230405	5	17	13.84	337.5
20230405	5	18	13.83	303.8
20230405	5	19	13.88	305.5
20230405	5	20	13.88	326.2
20230405	5	21	13.9	318.8
20230405	5	22	13.79	0
20230405	5	23	13.3	0
20230406	6	0	12.75	0
20230406	6	1	12.69	0
20230406	6	2	12.65	0
20230406	6	3	12.63	0
20230406	6	4	12.59	0
20230406	6	5	12.54	0
20230406	6	6	12.48	335.6
20230406	6	7	12.45	308.4
20230406	6	8	12.95	301.4
20230406	6	9	13.24	329.4
20230406	6	10	13.39	360.1
20230406	6	11	13.45	345.5
20230406	6	12	13.7	312.5
20230406	6	13	13.73	347.4
20230406	6	14	13.69	328.3
20230406	6	15	13.84	334.8
20230406	6	16	13.85	323.2
20230406	6	17	13.86	355.8
20230406	6	18	13.9	321.5
20230406	6	19	13.9	311.8
20230406	6	20	14	341.2
20230406	6	21	14.05	337.4
20230406	6	22	13.98	0
20230406	6	23	13.75	0
20230407	7	0	12.69	0
20230407	7	1	12.52	0
20230407	7	2	12.49	0
20230407	7	3	12.4	0
20230407	7	4	12.69	0
20230407	7	5	12.59	0
20230407	7	6	12.47	358.7
20230407	7	7	12.55	340.5
20230407	7	8	12.78	350.3
20230407	7	9	13.01	315.2
20230407	7	10	13.45	344.3
20230407	7	11	13.57	351.9
20230407	7	12	13.62	324.4
20230407	7	13	13.68	336.7
20230407	7	14	13.74	354.8
20230407	7	15	13.78	320.8
20230407	7	16	13.88	339.4
20230407	7	17	13.8	304.3
20230407	7	18	13.92	302.8
20230407	7	19	13.95	309.9
20230407	7	20	13.98	317.4
20230407	7	21	13.97	359.1
20230407	7	22	13.87	0
20230407	7	23	13.24	0
20230408	8	0	12.68	0
20230408	8	1	12.46	0
20230408	8	2	12.5	0
20230408	8	3	12.5	0
20230408	8	4	12.48	0
20230408	8	5	12.47	0
20230408	8	6	12.55	327.1
20230408	8	7	12.57	314.4
20230408	8	8	12.85	348.3
20230408	8	9	13.23	313.5
20230408	8	10	13.36	310.8
20230408	8	11	13.56	307.2
20230408	8	12	13.6	318.5
20230408	8	13	13.79	332.6
20230408	8	14	13.8	316.8
20230408	8	15	13.87	331.8
20230408	8	16	13.89	335.4
20230408	8	17	13.9	343.7
20230408	8	18	13.92	319.5
20230408	8	19	13.88	305.6
20230408	8	20	13.9	333.3
20230408	8	21	13.95	306.7
20230408	8	22	13.95	0
20230408	8	23	13.54	0
20230409	9	0	12.78	0
20230409	9	1	12.75	0
20230409	9	2	12.64	0
20230409	9	3	12.65	0
20230409	9	4	12.56	0
20230409	9	5	12.57	0
20230409	9	6	12.53	349.4
20230409	9	7	12.53	357.8
20230409	9	8	12.77	300.2
20230409	9	9	13	330.5
20230409	9	10	13.25	334.7
20230409	9	11	13.49	315.8
20230409	9	12	13.57	360.2
20230409	9	13	13.63	335.8
20230409	9	14	13.69	353.6
20230409	9	15	13.74	336.8
20230409	9	16	13.78	338.4
20230409	9	17	13.81	354.6
20230409	9	18	13.86	322.4
20230409	9	19	13.89	328.8
20230409	9	20	13.88	314.7
20230409	9	21	13.93	301.9
20230409	9	22	13.95	0
20230409	9	23	13.61	0
20230410	10	0	12.84	0
20230410	10	1	12.75	0
20230410	10	2	12.5	0
20230410	10	3	12.52	0
20230410	10	4	12.48	0
20230410	10	5	12.5	0
20230410	10	6	12.5	341.3
20230410	10	7	12.53	302.8
20230410	10	8	12.69	346.4
20230410	10	9	13.22	322.6
20230410	10	10	13.34	309.8
20230410	10	11	13.44	323.1
20230410	10	12	13.49	310.2
20230410	10	13	13.63	359.9
20230410	10	14	13.69	311.4
20230410	10	15	13.77	329.5
20230410	10	16	13.84	337.7
20230410	10	17	13.89	349.6
20230410	10	18	13.86	334.3
20230410	10	19	13.95	312.2
20230410	10	20	14	317.4
20230410	10	21	14.05	306.1
20230410	10	22	13.88	0
20230410	10	23	13.49	0
20230411	11	0	12.59	0
20230411	11	1	12.4	0
20230411	11	2	12.43	0
20230411	11	3	12.45	0
20230411	11	4	12.45	0
20230411	11	5	12.5	0
20230411	11	6	12.49	316.6
20230411	11	7	12.46	344.4
20230411	11	8	12.83	305.9
20230411	11	9	13.11	355.5
20230411	11	10	13.37	358.2
20230411	11	11	13.52	327.5
20230411	11	12	13.66	330.6
20230411	11	13	13.77	356.4
20230411	11	14	13.8	327.4
20230411	11	15	13.83	330.9
20230411	11	16	13.86	347.2
20230411	11	17	13.89	318.5
20230411	11	18	13.99	309.5
20230411	11	19	13.94	335.8
20230411	11	20	13.96	346.8
20230411	11	21	14.02	358.9
20230411	11	22	13.85	0
20230411	11	23	13.37	0
20230412	12	0	12.68	0
20230412	12	1	12.5	0
20230412	12	2	12.4	0
20230412	12	3	12.45	0
20230412	12	4	12.45	0
20230412	12	5	12.48	0
20230412	12	6	12.47	355.2
20230412	12	7	12.46	300.2
20230412	12	8	12.79	345.7
20230412	12	9	13.23	350.3
20230412	12	10	13.32	336.7
20230412	12	11	13.49	351.2
20230412	12	12	13.54	322.8
20230412	12	13	13.66	323.4
20230412	12	14	13.7	318.4
20230412	12	15	13.76	315.8
20230412	12	16	13.79	342.6
20230412	12	17	13.85	306.8
20230412	12	18	13.87	312.4
20230412	12	19	13.93	303.2
20230412	12	20	13.97	328.5
20230412	12	21	13.98	337.5
20230412	12	22	13.98	0
20230412	12	23	13.45	0
20230413	13	0	12.67	0
20230413	13	1	12.58	0
20230413	13	2	12.56	0
20230413	13	3	12.54	0
20230413	13	4	12.44	0
20230413	13	5	12.45	0
20230413	13	6	12.46	317.4
20230413	13	7	12.46	359.8
20230413	13	8	12.91	344.2
20230413	13	9	13.05	347.5
20230413	13	10	13.28	324.3
20230413	13	11	13.49	334.1
20230413	13	12	13.53	304.2
20230413	13	13	13.59	326.8
20230413	13	14	13.64	308.4
20230413	13	15	13.71	339.7
20230413	13	16	13.77	330.8
20230413	13	17	13.79	313.2
20230413	13	18	13.86	314.5
20230413	13	19	13.88	352.6
20230413	13	20	13.92	302.4
20230413	13	21	13.96	349.7
20230413	13	22	13.93	0
20230413	13	23	13.55	0
20230414	14	0	12.64	0
20230414	14	1	12.6	0
20230414	14	2	12.53	0
20230414	14	3	12.51	0
20230414	14	4	12.51	0
20230414	14	5	12.5	0
20230414	14	6	12.49	340.6
20230414	14	7	12.47	321.8
20230414	14	8	12.87	341.2
20230414	14	9	13.32	332.6
20230414	14	10	13.4	329.7
20230414	14	11	13.59	356.7
20230414	14	12	13.66	309.5
20230414	14	13	13.69	342.3
20230414	14	14	13.75	332.8
20230414	14	15	13.8	307.4
20230414	14	16	13.9	302.3
20230414	14	17	13.9	320.8
20230414	14	18	13.91	310.4
20230414	14	19	13.94	330.4
20230414	14	20	13.94	347.3
20230414	14	21	13.97	345.6
20230414	14	22	13.99	0
20230414	14	23	13.56	0
20230415	15	0	12.69	0
20230415	15	1	12.4	0
20230415	15	2	12.42	0
20230415	15	3	12.42	0
20230415	15	4	12.45	0
20230415	15	5	12.43	0
20230415	15	6	12.4	344.6
20230415	15	7	12.4	333.8
20230415	15	8	12.69	315.4
20230415	15	9	13.11	304.9
20230415	15	10	13.45	359.4
20230415	15	11	13.52	350.1
20230415	15	12	13.59	309.9
20230415	15	13	13.66	312.2
20230415	15	14	13.65	346.5
20230415	15	15	13.69	357.8
20230415	15	16	13.78	318.4
20230415	15	17	13.82	354.4
20230415	15	18	13.87	338.8
20230415	15	19	13.9	336.7
20230415	15	20	13.94	327.4
20230415	15	21	13.95	316.6
20230415	15	22	13.98	0
20230415	15	23	13.44	0
20230416	16	0	12.65	0
20230416	16	1	12.62	0
20230416	16	2	12.61	0
20230416	16	3	12.6	0
20230416	16	4	12.55	0
20230416	16	5	12.52	0
20230416	16	6	12.5	334.6
20230416	16	7	12.5	351.5
20230416	16	8	12.45	301.6
20230416	16	9	12.76	358.8
20230416	16	10	13.21	331.1
20230416	16	11	13.41	325.6
20230416	16	12	13.56	355.6
20230416	16	13	13.63	300.6
20230416	16	14	13.67	319.8
20230416	16	15	13.7	324.5
20230416	16	16	13.78	326.7
20230416	16	17	13.8	337.3
20230416	16	18	13.88	348.6
20230416	16	19	13.86	353.9
20230416	16	20	13.9	303.2
20230416	16	21	13.91	311.8
20230416	16	22	13.92	0
20230416	16	23	13.97	0
20230417	17	0	13.5	0
20230417	17	1	12.6	0
20230417	17	2	12.59	0
20230417	17	3	12.58	0
20230417	17	4	12.6	0
20230417	17	5	12.53	0
20230417	17	6	12.5	308.8
20230417	17	7	12.51	343.5
20230417	17	8	12.85	352.2
20230417	17	9	13.13	360.8
20230417	17	10	13.35	323.5
20230417	17	11	13.51	312.2
20230417	17	12	13.59	306.5
20230417	17	13	13.71	354.6
20230417	17	14	13.74	317.4
20230417	17	15	13.79	336.8
20230417	17	16	13.85	359.5
20230417	17	17	13.87	301.4
20230417	17	18	13.9	353.8
20230417	17	19	13.91	334.1
20230417	17	20	13.95	324.4
20230417	17	21	13.96	325.8
20230417	17	22	13.9	0
20230417	17	23	13.26	0
20230418	18	0	12.65	0
20230418	18	1	12.62	0
20230418	18	2	12.6	0
20230418	18	3	12.57	0
20230418	18	4	12.57	0
20230418	18	5	12.5	0
20230418	18	6	12.54	349.8
20230418	18	7	12.54	302.6
20230418	18	8	12.9	312.4
20230418	18	9	13.16	310.7
20230418	18	10	13.43	332.2
20230418	18	11	13.56	316.4
20230418	18	12	13.6	328.8
20230418	18	13	13.63	327.9
20230418	18	14	13.67	329.3
20230418	18	15	13.7	303.7
20230418	18	16	13.87	312.3
20230418	18	17	13.86	314.5
20230418	18	18	13.88	356.8
20230418	18	19	13.93	320.4
20230418	18	20	13.99	337.7
20230418	18	21	14.03	333.6
20230418	18	22	14.05	0
20230418	18	23	13.63	0
20230419	19	0	12.72	0
20230419	19	1	12.69	0
20230419	19	2	12.6	0
20230419	19	3	12.5	0
20230419	19	4	12.55	0
20230419	19	5	12.53	0
20230419	19	6	12.45	350.8
20230419	19	7	12.43	357.4
20230419	19	8	12.74	322.7
20230419	19	9	13.17	348.3
20230419	19	10	13.3	323.4
20230419	19	11	13.55	343.1
20230419	19	12	13.68	331.7
20230419	19	13	13.72	307.4
20230419	19	14	13.78	330.6
20230419	19	15	13.8	313.3
20230419	19	16	13.84	351.6
20230419	19	17	13.87	352.8
20230419	19	18	13.89	304.8
20230419	19	19	13.94	345.2
20230419	19	20	13.96	309.6
20230419	19	21	13.99	340.9
20230419	19	22	14	0
20230419	19	23	13.49	0
20230420	20	0	12.59	0
20230420	20	1	12.4	0
20230420	20	2	12.41	0
20230420	20	3	12.42	0
20230420	20	4	12.47	0
20230420	20	5	12.46	0
20230420	20	6	12.45	319.5
20230420	20	7	12.45	300.2
20230420	20	8	12.77	338.5
20230420	20	9	13.22	311.8
20230420	20	10	13.47	305.4
20230420	20	11	13.55	315.8
20230420	20	12	13.61	345.6
20230420	20	13	13.69	337.2
20230420	20	14	13.74	326.4
20230420	20	15	13.8	307.2
20230420	20	16	13.82	343.9
20230420	20	17	13.82	302.4
20230420	20	18	13.88	359.4
20230420	20	19	13.92	344.6
20230420	20	20	13.93	330.6
20230420	20	21	13.98	356.5
20230420	20	22	13.99	0
20230420	20	23	13.42	0
20230421	21	0	12.85	0
20230421	21	1	12.76	0
20230421	21	2	12.63	0
20230421	21	3	12.49	0
20230421	21	4	12.5	0
20230421	21	5	12.5	0
20230421	21	6	12.48	351.4
20230421	21	7	12.47	317.8
20230421	21	8	12.84	320.5
20230421	21	9	13.1	338.4
20230421	21	10	13.5	314.8
20230421	21	11	13.55	346.2
20230421	21	12	13.7	354.1